# NFS server address and export path, needed by ETH_S_FUNC_MULTI_PROCESSING,ETH_M_STRESS_MULTI_PROCESSING
# These should be changed when deploying tests into a different test farm.
# Once defined here in the param file, the values would overwrite the default ones
# defined in the test case.
#NFS_SERVER=
#NFS_ROOT_PATH=

# Block device nodes specified for MMC/EMMC/USB/SATA tests
#SD_DEV_NODE=
#EMMC_DEV_NODE=
#USB_DEV_NODE=
#SATA_DEV_NODE=
#
# GPIO PLATFORM PATH
GPIO_PLTF_PATH="/sys/bus/platform/drivers/intel-gpio"

# GPIOs reserved for the system
GPIO_NUM_SKIPPED="148 149 150 151 152 153 154 155 156 157 158 159 160 161 162 163 164 165 166 167 168 169 170 171 180 181 182 183 184 185 186 187 188 189 190 191 192 193 194 195 196 197 198 199 200 201 202 212 213 214 215 216 217 218 219 220 221 222 223 224 225 226 227 228 229 230 231 232 233 234 235 244 245 246 247 248 249 250 251 252 253 254 255 256 257 258 259 260 261 262 263 264 265 266 267 276 277 278 279 280 281 282 283 314 340 341 342 343 344 345 346 347 348 349 350 351 352 353 354 355 356 357 358 359 360 361 362 363 372 373 374 375 376 377 378 379 380 381 382 383 384 385 386 387 388 389 390 391 392 393 394 395 406 407 408 409 410 411 412 413 414 415 416 417 418 436 437 438 439 440 441 442 443 444 445 446 447 448 449 450 451 452 453 454 455 456 457 458 459 468 469 470 471 472 473 474 475 476 477 478 479 480 481 482 483 500 501 502 503 504 505 506 507 508 509 510 511"
